Parametroak,;v:;0,3;w:;0,3
#;;Zutabeak:;x;y;theta
3;4,03;-3,09239
-3,0227;3,73342;-1,50239
-2,61053;-2,28248;0,0576112
3,40947;-1,93527;1,64761
2,94673;4,07695;-3,04557
-3,05549;3,49884;-1,48557
-2,54222;-2,50927;0,104426
3,45493;-1,88073;1,69443
2,71134;4,10325;-2,99876
-3,25726;3,24489;-1,43876
-2,46338;-2,73262;0,151241
3,49778;-1,82411;1,74124
2,47497;4,11851;-2,95194
-3,44692;2,98177;-1,39194
-2,37418;-2,95204;0,198056
3,53794;-1,76556;1,78806
2,23168;4,15198;-2,93513
-3,67025;2,91583;-1,34513
-2,321;-2,96128;0,244871
3,55822;-1,49214;1,83487
1,98429;4,32882;-2,88831
-3,85333;2,81783;-1,29831
-2,23052;-2,9897;0,291686
3,54478;-1,25567;1,85169
1,8732;4,53801;-2,8415
-3,88731;2,75549;-1,2515
-1,9945;-2,96973;0,308501
3,75082;-1,13884;1,8985
1,80994;4,57027;-2,79468
-3,86084;2,52011;-1,23468
-1,87203;-3,17247;0,355316
3,78132;-1,07472;1,94532
1,57539;4,53731;-2,74787
-3,99324;2,22402;-1,18787
-1,74021;-3,36926;0,402131
3,80878;-1,00924;1,99213
1,34263;4,4934;-2,73105
-4,18631;2,08681;-1,14105
-1,67399;-3,3949;0,448946
3,75847;-0,777782;2,00895
