Parametroak,;v:;0,3;w:;0,3
#;;Zutabeak:;x;y;theta
3;-2;1,5708
3;-1,13;2,8908
2,08688;-0,953634;-1,92239
1,82815;-1,81564;-0,452389
2,65974;-2,1598;1,01761
3,08583;-1,36705;2,45761
2,35543;-0,841209;-2,38557
1,73882;-1,49679;-0,945574
2,30838;-2,19364;0,494426
3,07356;-1,71983;1,93443
2,7036;-0,899389;-2,87876
1,85009;-1,18492;-1,40876
2,04829;-2,06282;0,0912411
2,93801;-1,92723;1,56124
2,89414;-1,05833;3,06124
1,99433;-1,04002;-1,75194
1,88194;-1,9632;-0,281944
2,75986;-2,16131;1,18806
3,04531;-1,30778;2,62806
2,26327;-0,926594;-2,15513
1,81269;-1,70569;-0,685129
2,54249;-2,23237;0,784871
3,13994;-1,55927;2,22487
2,55051;-0,879141;-2,58831
1,81452;-1,39714;-1,14831
2,2321;-2,1944;0,291686
3,07702;-1,88437;1,76169
2,85358;-1,01254;-3,0815
1,96006;-1,12037;-1,6415
1,95043;-2,02032;-0,201499
2,84143;-2,14724;1,2385
3,08348;-1,2804;2,6785
2,25562;-0,927363;-2,10468
1,8449;-1,72818;-0,634684
2,60033;-2,2174;0,835316
3,16307;-1,51503;2,30532
2,49949;-0,863446;-2,50787
1,78444;-1,45809;-1,03787
2,28736;-2,20447;0,402131
3,09295;-1,8032;1,84213
2,80017;-0,952151;-2,97105
