Parametroak,;v:;0,3;w:;0,3
#;;Zutabeak:;x;y;theta
3;-2;1,5708
3;-0,95;3,1008
1,9202;-0,970739;-1,62239
1,92928;-2,0507;-0,0623888
3,00928;-2,05328;1,49761
3,02352;-0,973374;3,02761
1,97504;-0,916721;-1,69557
1,90513;-1,99446;-0,165574
2,97912;-2,10826;1,36443
3,13664;-1,03981;2,95443
2,06536;-0,902843;-1,73876
1,94898;-1,97655;-0,208759
3,01706;-2,13662;1,35124
3,18865;-1,07034;2,88124
2,13025;-0,855406;-1,84194
1,91019;-1,88209;-0,281944
2,93443;-2,11322;1,27806
3,17661;-1,09153;2,83806
2,12848;-0,831102;-1,91513
1,82552;-1,86774;-0,385129
2,84894;-2,21272;1,17487
3,20495;-1,19309;2,76487
2,15016;-0,847378;-1,95831
1,81238;-1,84156;-0,398314
2,85946;-2,20997;1,16169
3,22889;-1,19512;2,69169
2,22995;-0,784608;-2,0615
1,77904;-1,76597;-0,531499
2,7412;-2,25653;0,998501
3,27059;-1,31518;2,5285
2,35162;-0,747837;-2,19468
1,79042;-1,63528;-0,634684
2,69693;-2,22233;0,895316
3,32047;-1,34052;2,42532
2,48859;-0,699839;-2,29787
1,83896;-1,52476;-0,737869
2,65682;-2,18325;0,822131
3,34317;-1,34939;2,38213
2,51676;-0,654076;-2,37105
1,78833;-1,45143;-0,841054
2,55531;-2,21178;0,688946
