Parametroak,;v:;0,3;w:;0,3
#;;Zutabeak:;x;y;theta
3;-2;1,5708
3;-3,11;0,100796
1,89092;-3,15527;-1,4892
1,86761;-2,07552;-3,0792
2,9176;-2,07301;1,64398
2,93184;-3,15292;0,0839813
1,85215;-3,17882;-1,47602
1,8146;-2,09947;-3,03602
2,89348;-2,05027;1,68717
2,95433;-3,12855;0,127166
1,87676;-3,20104;-1,43283
1,79265;-2,12432;-2,99283
2,8684;-2,02859;1,73035
2,97574;-3,10324;0,170351
1,90231;-3,22218;-1,38965
1,77179;-2,15009;-2,94965
2,8424;-2,008;1,77354
2,99604;-3,07702;0,243537
1,93418;-3,27413;-1,31646
1,72561;-2,21446;-2,87646
2,78297;-1,99447;1,87672
3,0459;-3,04198;0,316722
2,0013;-3,3162;-1,24328
1,71581;-2,27461;-2,77328
2,74489;-1,94689;1,94991
3,08371;-2,97236;0,389907
2,06195;-3,32223;-1,17009
1,70107;-2,30431;-2,76009
2,75419;-1,95356;1,93309
3,08465;-3,01323;0,343092
2,04764;-3,3149;-1,18691
1,70393;-2,29106;-2,74691
2,724;-1,93631;1,97628
3,08974;-2,95249;0,416277
2,07756;-3,32918;-1,11372
1,6599;-2,33321;-2,64372
2,63801;-1,87528;2,10946
3,13546;-2,8339;0,549462
2,18226;-3,34166;-1,01054
1,66424;-2,39401;-2,57054
2,60625;-1,86578;2,15265
