#;;Zutabeak:;x;y;theta
2,01708;-1,99216;1,6832
1,9969;-1,01761;0,00640287
2,98375;-1,00086;-1,56216
2,99931;-1,98394;-3,13194
2,01607;-1,99935;1,57934
2,00069;-1,01607;0,0108714
2,98393;-1,0006;-1,5586
2,99944;-1,98392;-3,13201
2,01608;-1,99935;1,58042
2,00065;-1,01607;0,00757942
2,98393;-1,00072;-1,56222
2,99931;-1,98393;-3,13303
2,01607;-1,99931;1,58044
2,00065;-1,01607;0,0122274
2,98393;-1,00056;-1,56
2,99939;-1,98392;-3,12939
2,01608;-1,99944;1,5816
2,00061;-1,01608;0,0137513
2,98392;-1,0005;-1,55711
2,99949;-1,98392;-3,12791
2,01608;-1,99949;1,58294
2,00056;-1,01608;0,0121724
2,98392;-1,00056;-1,56
2,99939;-1,98392;-3,13077
2,01607;-1,99939;1,583
2,00056;-1,01608;0,0107993
2,98392;-1,00061;-1,55997
2,99939;-1,98393;-3,12939
2,01608;-1,99944;1,58297
2,00056;-1,01608;0,0121716
2,98392;-1,00056;-1,56
2,99939;-1,98392;-3,13077
2,01607;-1,99939;1,583
2,00056;-1,01608;0,012171
2,98392;-1,00056;-1,55862
2,99944;-1,98392;-3,13201
2,01608;-1,99935;1,58165
2,00061;-1,01607;0,0108254
2,98393;-1,00061;-1,5586
2,99944;-1,98392;-3,12942
