Parametroak,;v:;0,3;w:;0,3
#;;Zutabeak:;x;y;theta
3;0,0400001;-3,09239
0,962469;-0,0603351;-1,50239
1,10191;-2,09556;0,0576112
3,13853;-1,9781;1,64761
2,98198;0,0558825;-3,04557
0,951375;-0,139695;-1,48557
1,12502;-2,17229;0,104426
3,15391;-1,95965;1,69443
2,90234;0,0647811;-2,99876
0,883117;-0,22561;-1,43876
1,15169;-2,24785;0,151241
3,1684;-1,9405;1,74124
2,82238;0,0699432;-2,95194
0,818954;-0,314625;-1,39194
1,18187;-2,32208;0,198056
3,18199;-1,92069;1,78806
2,74226;0,0713574;-2,93513
0,745584;-0,346842;-1,34513
1,20205;-2,33512;0,244871
3,18119;-1,84056;1,83487
2,64872;0,128724;-2,88831
0,673803;-0,382458;-1,29831
1,22281;-2,34719;0,291686
3,17665;-1,76056;1,85169
2,61114;0,199494;-2,8415
0,662305;-0,403549;-1,2515
1,30266;-2,34044;0,308501
3,24635;-1,72103;1,8985
2,58974;0,210406;-2,79468
0,671261;-0,483178;-1,23468
1,34409;-2,40903;0,355316
3,25667;-1,69934;1,94532
2,51038;0,199255;-2,74787
0,62647;-0,58335;-1,18787
1,38869;-2,4756;0,402131
3,26596;-1,67719;1,99213
2,43164;0,184403;-2,73105
0,561152;-0,629767;-1,14105
1,41109;-2,48428;0,448946
3,24894;-1,59888;2,00895
