#;;Zutabeak:;x;y;theta
3;-1,01611;3,13581
2,0161;-1,00079;-1,57549
2,00082;-1,98394;-0,00529918
2,98394;-1,9992;1,56483
2,99922;-1,01606;3,13487
2,01606;-1,00075;-1,57751
2,00075;-1,98394;-0,005958
2,98394;-1,99922;1,56483
2,99922;-1,01606;3,13563
2,01606;-1,00078;-1,57676
2,00078;-1,98394;-0,00672055
2,98394;-1,99925;1,56484
2,99922;-1,01606;3,13563
2,01606;-1,00078;-1,57609
2,0008;-1,98394;-0,00596772
2,98394;-1,99922;1,56483
2,99922;-1,01606;3,13563
2,01606;-1,00078;-1,57676
2,00078;-1,98394;-0,00672055
2,98394;-1,99925;1,56408
2,99925;-1,01606;3,13563
2,01606;-1,00078;-1,57752
2,00075;-1,98394;-0,00595797
2,98394;-1,99922;1,56483
2,99922;-1,01606;3,13563
2,01606;-1,00078;-1,57676
2,00078;-1,98394;-0,00596313
2,98394;-1,99922;1,56408
2,99925;-1,01606;3,13563
2,01606;-1,00078;-1,57752
2,00075;-1,98394;-0,00595797
2,98394;-1,99922;1,56483
2,99922;-1,01606;3,13563
2,01606;-1,00078;-1,57609
2,0008;-1,98394;-0,00596772
2,98394;-1,99922;1,56551
2,9992;-1,01606;3,13562
2,01606;-1,00078;-1,57676
2,00078;-1,98394;-0,00596311
2,98394;-1,99922;1,56483
